108
100 0 1200 400
200 0 1200 400
350 0 1200 280
450 0 1200 520
450 0 1200 400
50 0 1200 280
50 0 1200 400
50 0 1200 520
150 1 1200 400
250 1 1200 400
250 0 1200 280
250 0 1200 520
350 1 1200 400
400 0 1200 400
100 1 1200 280
150 1 1200 400
150 0 1200 520
250 1 1200 280
250 0 1200 400
300 0 1200 280
300 1 1200 400
400 0 1200 280
400 0 1200 520
499 3 1200 400
100 1 1200 280
100 1 1200 520
200 1 1200 400
200 0 1200 280
200 0 1200 520
250 3 1200 280
350 3 1200 400
100 0 1200 280
100 0 1200 400
100 0 1200 520
200 2 1200 400
300 0 1200 280
300 0 1200 400
300 0 1200 520
450 3 1200 400
50 0 1200 160
50 1 1200 280
50 2 1200 400
50 1 1200 520
50 0 1200 640
350 3 1200 400
50 1 1200 160
50 0 1200 280
50 1 1200 400
50 0 1200 520
50 1 1200 640
150 0 1200 160
150 0 1200 280
150 3 1200 400
150 0 1200 520
150 0 1200 640
200 1 1200 280
200 1 1200 520
350 0 1200 160
350 0 1200 280
350 0 1200 400
350 0 1200 520
350 0 1200 640
50 0 1200 160
50 1 1200 280
50 0 1200 400
50 1 1200 520
50 0 1200 640
200 1 1200 160
200 2 1200 400
200 1 1200 640
350 1 1200 160
350 0 1200 280
350 1 1200 400
350 0 1200 520
350 1 1200 640
50 3 1200 160
50 3 1200 640
150 3 1200 280
150 0 1200 400
150 3 1200 520
200 0 1200 160
200 0 1200 280
200 1 1200 400
200 0 1200 520
200 0 1200 640
250 0 1200 280
250 0 1200 400
250 0 1200 520
300 0 1200 160
300 1 1200 280
300 0 1200 400
300 1 1200 520
300 0 1200 640
400 3 1200 400
100 2 1200 400
150 3 1200 400
200 0 1200 400
250 3 1200 400
300 2 1200 400
350 1 1200 160
350 0 1200 280
350 0 1200 400
350 0 1200 520
350 1 1200 640
450 2 1200 280
450 0 1200 400
450 2 1200 520
499 3 1200 400
